12 8 32 49 907 61 72 94 101 121 26 143 152 173 192 201 1
12 32 43 484 61 74 94 103 121 28 141 152 172 191 201 1
11 36 34 41 9629 61 74 93 101 123 24 143 152 173 192 201 2
11 48 32 44 3051 61 73 93 101 123 54 143 152 173 191 201 2
11 48 32 40 3931 61 74 93 101 124 46 143 153 173 191 201 2
12 36 33 40 7432 61 73 92 101 122 54 143 151 173 191 201 1
14 32 44 1338 63 73 91 101 121 62 143 152 173 191 201 1
14 34 43 1554 61 74 92 101 123 24 143 151 173 192 201 1
11 36 32 410 15857 61 71 91 102 123 43 143 152 174 191 201 1
11 18 32 43 1345 61 73 94 101 121 26 141 152 173 191 201 2
14 12 32 40 1101 61 73 94 101 121 27 143 152 173 192 201 1
13 12 32 43 3016 61 73 94 101 123 24 143 152 173 191 201 1
11 36 32 42 2712 61 75 93 101 122 41 141 152 173 191 201 2
11 8 34 40 731 61 75 93 101 121 47 143 152 172 191 201 1
14 18 34 42 3780 61 72 91 101 123 35 143 152 174 192 201 1
11 21 34 40 1602 61 75 94 101 123 30 143 152 173 192 201 1
11 18 34 40 3966 61 75 92 101 121 33 141 151 173 192 201 2
14 18 30 49 4165 61 73 93 101 123 36 142 152 173 191 201 2
11 36 32 41 8335 65 75 93 101 124 47 143 153 173 191 201 2
12 48 33 49 6681 65 73 93 101 124 38 143 153 173 192 201 1
14 24 33 49 2375 63 73 93 101 123 44 143 152 173 192 201 1
11 18 32 40 1216 61 72 92 101 123 23 143 151 173 192 201 2
11 45 30 49 11816 61 75 93 101 123 29 143 151 173 191 201 2
12 24 32 43 5084 65 75 92 101 123 42 143 152 173 192 201 1
13 15 32 43 2327 61 72 92 101 121 25 143 152 172 191 201 2
11 12 30 40 1082 61 73 93 101 123 48 141 152 173 191 201 2
14 12 32 43 886 65 73 92 101 123 21 143 152 173 191 201 1
14 32 42 601 61 72 92 101 121 23 143 151 172 191 201 1
11 24 34 41 2957 61 75 93 101 122 63 143 152 173 192 201 1
14 24 34 43 2611 61 75 94 102 121 46 143 152 173 191 201 1
11 36 32 42 5179 61 74 93 101 122 29 143 152 173 191 201 2
14 21 33 41 2993 61 73 93 101 121 28 142 152 172 191 201 1
14 18 32 45 1943 61 72 92 101 121 23 143 152 173 191 201 2
14 24 31 49 1559 61 74 93 101 123 50 141 152 173 192 201 1
14 18 32 42 3422 61 75 93 101 122 47 141 152 173 192 201 1
12 21 32 42 3976 65 74 93 101 123 35 143 152 173 192 201 1
14 18 32 40 6761 65 73 93 101 123 68 143 151 173 191 201 2
14 24 32 40 1249 61 72 94 101 121 28 143 152 173 191 201 1
11 9 32 43 1364 61 74 93 101 121 59 143 152 173 191 201 1
11 12 32 43 709 61 75 93 101 121 57 142 152 172 191 201 2
11 20 34 40 2235 61 73 94 103 122 33 141 151 173 191 202 2
14 24 34 41 4042 65 74 93 101 122 43 143 152 173 192 201 1
14 15 34 43 1471 61 73 93 101 124 35 143 153 173 192 201 1
11 18 31 40 1442 61 74 93 101 124 32 143 153 172 191 201 2
14 36 33 40 10875 61 75 93 101 123 45 143 152 173 192 201 1
14 24 32 40 1474 62 72 94 101 121 33 143 152 173 192 201 1
14 10 32 48 894 65 74 92 101 122 40 143 152 173 192 201 1
14 15 34 42 3343 61 73 93 101 124 28 143 153 173 192 201 1
11 15 32 40 3959 61 73 92 101 122 29 143 152 173 192 201 2
14 9 32 40 3577 62 73 93 103 121 26 143 151 173 191 202 1
14 24 34 41 5804 64 73 93 101 121 27 143 152 173 191 201 1
14 18 33 49 2169 61 73 94 101 123 28 143 152 173 192 201 2
11 24 32 43 2439 61 72 92 101 121 35 143 152 173 192 201 2
14 27 34 42 4526 64 72 93 101 121 32 142 152 172 192 201 1
14 10 32 42 2210 61 73 93 101 121 25 141 151 172 191 201 2
14 15 32 42 2221 63 73 92 101 123 20 143 151 173 191 201 1
11 18 32 43 2389 61 72 92 101 123 27 142 152 173 191 201 1
14 12 34 42 3331 61 75 93 101 122 42 142 152 173 191 201 1
14 36 32 49 7409 65 75 93 101 122 37 143 152 173 191 201 1
11 12 32 42 652 61 75 92 101 122 24 143 151 173 191 201 1
14 36 33 42 7678 63 74 92 101 123 40 143 152 173 192 201 1
13 34 40 1343 61 75 93 101 121 46 143 152 173 191 202 1
11 24 34 49 1382 62 74 93 101 121 26 143 152 173 192 201 1
14 15 32 44 874 65 72 92 101 121 24 143 152 173 191 201 1
11 12 32 42 3590 61 73 93 102 122 29 143 152 172 191 201 1
12 11 34 40 1322 64 73 92 101 123 40 143 152 173 191 201 1
11 18 31 43 1940 61 72 93 102 124 36 141 153 174 192 201 1
14 36 32 43 3595 61 75 93 101 123 28 143 152 173 191 201 1
11 9 32 40 1422 61 72 93 101 124 27 143 153 174 192 201 2
14 30 34 43 6742 65 74 93 101 122 36 143 152 173 191 201 1
14 24 32 41 7814 61 74 93 101 123 38 143 152 174 192 201 1
14 24 32 41 9277 65 73 91 101 124 48 143 153 173 192 201 1
12 30 34 40 2181 65 75 93 101 121 36 143 152 173 191 201 1
14 18 34 43 1098 61 71 92 101 123 65 143 152 171 191 201 1
12 24 32 42 4057 61 74 91 101 123 43 143 152 173 192 201 2
11 12 32 46 795 61 72 92 101 122 53 143 152 173 191 201 2
12 24 34 49 2825 65 74 93 101 124 34 143 152 173 192 201 1
12 48 32 49 15672 61 73 93 101 123 23 143 152 173 192 201 2
14 36 34 40 6614 61 75 93 101 123 34 143 152 174 192 201 1
14 28 31 41 7824 65 72 93 103 121 40 141 151 173 192 201 1
11 27 34 49 2442 61 75 93 101 123 43 142 152 174 192 201 1
14 15 34 43 1829 61 75 93 101 123 46 143 152 173 192 201 1
11 12 34 40 2171 61 73 93 101 122 38 141 152 172 191 202 1
12 36 34 41 5800 61 73 93 101 123 34 143 152 173 192 201 1
14 18 34 43 1169 65 73 93 101 122 29 143 152 173 192 201 1
14 36 33 41 8947 65 74 93 101 123 31 142 152 174 192 201 1
11 21 32 43 2606 61 72 92 101 122 28 143 151 174 192 201 1
14 12 34 42 1592 64 74 92 101 122 35 143 152 173 191 202 1
14 15 32 42 2186 65 74 92 101 121 33 141 151 172 191 201 1
11 18 32 42 4153 61 73 93 102 123 42 143 152 173 191 201 2
11 16 34 40 2625 61 75 93 103 122 43 141 151 173 192 201 2
14 20 34 40 3485 65 72 91 101 121 44 143 152 173 192 201 1
14 36 34 41 10477 65 75 93 101 124 42 143 153 173 191 201 1
14 15 32 43 1386 65 73 94 101 121 40 143 151 173 192 201 1
14 24 32 43 1278 61 75 93 101 121 36 143 152 174 192 201 1
11 12 32 43 1107 61 73 93 101 121 20 143 151 174 192 201 1
11 21 32 40 3763 65 74 93 102 121 24 143 152 172 191 202 1
12 36 32 46 3711 65 73 94 101 123 27 143 152 173 191 201 1
14 15 33 41 3594 61 72 92 101 122 46 143 152 172 191 201 1
12 9 32 40 3195 65 73 92 101 121 33 143 152 172 191 201 1
14 36 33 43 4454 61 73 92 101 121 34 143 152 173 191 201 1
12 24 34 42 4736 61 72 92 101 123 25 141 152 172 191 201 2
12 30 32 43 2991 65 75 92 101 123 25 143 152 173 191 201 1
14 11 32 49 2142 64 75 91 101 121 28 143 152 173 192 201 1
11 24 31 49 3161 61 73 93 101 122 31 143 151 173 192 201 2
12 48 30 410 18424 61 73 92 101 122 32 141 152 174 192 202 2
14 10 32 41 2848 62 73 93 102 121 32 143 152 173 191 201 1
11 32 40 14896 61 75 93 101 124 68 141 152 174 192 201 2
11 24 32 42 2359 62 71 91 101 122 33 143 152 173 191 201 2
11 24 32 42 3345 61 75 93 101 122 39 143 151 174 192 201 2
14 18 34 42 1817 61 73 92 101 124 28 143 152 173 191 201 1
14 48 33 43 12749 63 74 93 101 123 37 143 152 174 192 201 1
11 9 32 43 1366 61 72 92 101 122 22 143 151 173 191 201 2
12 12 32 40 2002 61 74 93 101 122 30 143 151 173 192 201 1
11 24 31 42 6872 61 72 91 101 122 55 141 152 173 192 201 2
11 12 31 40 697 61 72 93 101 123 46 141 152 173 192 201 2
11 18 34 42 1049 61 72 92 101 122 21 143 151 173 191 201 1
11 48 32 41 10297 61 74 93 101 124 39 142 153 173 192 201 2
14 30 32 43 1867 65 75 93 101 123 58 143 152 173 192 201 1
11 12 33 40 1344 61 73 93 101 121 43 143 152 172 191 201 1
11 24 32 42 1747 61 72 93 102 122 24 143 152 172 191 202 1
12 9 32 43 1670 61 72 92 101 123 22 143 152 173 192 201 2
14 9 34 40 1224 61 73 93 101 121 30 143 152 173 191 201 1
14 12 34 43 522 63 75 93 101 122 42 143 152 173 192 201 1
11 12 32 43 1498 61 73 92 101 123 23 141 152 173 191 201 1
12 30 33 43 1919 62 72 93 101 124 30 142 152 174 191 201 2
13 9 32 43 745 61 73 92 101 121 28 143 152 172 191 201 2
12 32 43 2063 61 72 94 101 123 30 143 151 174 192 201 1
12 60 32 46 6288 61 73 93 101 124 42 143 153 173 191 201 2
14 24 34 41 6842 65 73 93 101 122 46 143 152 174 192 201 1
14 12 32 40 3527 65 72 93 101 122 45 143 152 174 192 201 1
14 10 32 40 1546 61 73 93 101 121 31 143 152 172 191 202 1
14 24 32 42 929 65 74 93 101 123 31 142 152 173 192 201 1
14 34 40 1455 61 74 93 101 121 42 143 152 172 191 201 1
11 15 32 42 1845 61 72 92 103 122 46 143 151 173 191 201 1
12 48 30 40 8358 63 72 92 101 123 30 143 152 173 191 201 1
11 24 31 42 3349 63 72 93 101 124 30 143 153 173 192 201 2
14 12 32 40 2859 65 71 93 101 124 38 143 152 174 192 201 1
14 18 32 42 1533 61 72 94 102 122 43 143 152 172 191 201 2
14 24 32 43 3621 62 75 93 101 123 31 143 152 173 191 201 2
12 18 34 49 3590 61 71 94 101 123 40 143 152 171 192 201 1
11 36 33 49 2145 61 74 93 101 123 24 143 152 173 192 201 2
12 24 32 41 4113 63 72 92 101 123 28 143 151 173 191 201 2
14 36 32 42 10974 61 71 92 101 123 26 143 152 174 192 201 2
11 12 32 40 1893 61 73 92 103 122 29 143 152 173 192 201 1
11 24 34 43 1231 64 75 92 101 122 57 143 151 174 192 201 1
13 30 34 43 3656 65 75 93 101 122 49 142 152 172 191 201 1
12 9 34 43 1154 61 75 93 101 121 37 143 152 172 191 201 1
11 28 32 40 4006 61 73 93 101 123 45 143 152 172 191 201 2
12 24 32 42 3069 62 75 93 101 124 30 143 153 173 191 201 1
14 34 43 1740 61 75 94 101 121 30 143 151 173 191 201 1
12 21 33 40 2353 61 73 91 101 122 47 143 152 173 191 201 1
14 15 32 40 3556 65 73 93 101 124 29 143 152 173 191 201 1
14 24 32 43 2397 63 75 93 101 123 35 141 152 173 192 201 2
12 32 45 454 61 72 94 101 122 22 143 152 172 191 201 1
12 30 32 43 1715 65 73 92 101 123 26 143 152 173 191 201 1
12 27 34 43 2520 63 73 93 101 122 23 143 152 172 191 201 2
14 15 32 43 3568 61 75 92 101 123 54 141 151 174 192 201 1
14 42 32 43 7166 65 74 94 101 122 29 143 151 173 192 201 1
11 11 34 40 3939 61 73 93 101 121 40 143 152 172 191 201 1
12 15 32 45 1514 62 73 93 103 121 22 143 152 173 191 201 1
14 24 32 40 7393 61 73 93 101 122 43 143 152 172 191 201 1
11 24 31 40 1193 61 71 92 102 124 29 143 151 171 191 201 2
11 60 32 49 7297 61 75 93 102 124 36 143 151 173 191 201 2
14 30 34 43 2831 61 73 92 101 123 33 143 152 173 192 201 1
13 24 32 43 1258 63 73 92 101 123 57 143 152 172 191 201 1
12 32 43 753 61 73 92 103 121 64 143 152 173 191 201 1
12 18 33 49 2427 65 75 93 101 122 42 143 152 173 191 201 1
14 24 33 40 2538 61 75 93 101 123 47 143 152 172 191 201 2
12 15 31 40 1264 62 73 94 101 122 25 143 151 173 191 201 2
12 30 34 42 8386 61 74 93 101 122 49 143 152 173 191 201 2
14 48 32 49 4844 61 71 93 101 123 33 141 151 174 192 201 2
13 21 32 40 2923 62 73 92 101 123 28 141 152 174 192 201 1
11 36 32 41 8229 61 73 93 101 122 26 143 152 173 191 201 2
14 24 34 42 2028 61 74 93 101 122 30 143 152 172 191 201 1
11 15 34 42 1433 61 73 92 101 122 25 143 151 173 191 201 1
13 42 30 49 6289 61 72 91 101 122 33 143 152 173 191 201 1
14 13 32 43 1409 62 71 92 101 121 64 143 152 173 191 201 1
11 24 32 41 6579 61 71 93 101 124 29 143 153 174 192 201 1
12 24 34 43 1743 61 75 93 101 122 48 143 152 172 191 201 1
14 12 34 46 3565 65 72 93 101 122 37 143 152 172 191 201 1
14 15 31 43 1569 62 75 93 101 123 34 141 152 172 191 201 1
11 18 32 43 1936 65 74 94 101 123 23 143 151 172 191 201 1
11 36 32 42 3959 61 71 93 101 122 30 143 152 174 192 201 1
14 12 32 40 2390 65 75 93 101 123 50 143 152 173 192 201 1
14 12 32 42 1736 61 74 92 101 121 31 143 152 172 191 201 1
11 30 32 41 3857 61 73 91 101 122 40 143 152 174 192 201 1
14 12 32 43 804 61 75 93 101 123 38 143 152 173 191 201 1
11 45 32 43 1845 61 73 93 101 124 23 143 153 173 192 201 2
12 45 34 41 4576 62 71 93 101 123 27 143 152 173 191 201 1